0||0||0;Blaa;Blubb;;;;;;;0;0;0;0;0;false;
0;John;Doe;;;;;;;0;0;0;0;0;false;
0;Jane;Doe;;;;;;;0;0;0;0;0;false;
0;Max;Mustermann;;;;;;;0;0;0;0;0;false;
0;Paul;Powergamer;;;;;;;0;0;0;0;0;false;
0;Manuel;Munchkin;;;;;;;0;0;0;0;0;false;
0;Harry;Hardcore;;;;;;;0;0;0;0;0;false;
0;John;Smith;;;;;;;0;0;0;0;0;false;
0;Mr.;Anderson;;;;;;;0;0;0;0;0;false;
0;Bernd;Bier-und-Bretzel-Spieler;;;;;;;0;0;0;0;0;false;
||0;1;1;1;1;1;1;1;1;1;
1;0;1;1;1;1;1;1;1;1;
1;1;0;1;1;1;1;1;1;1;
1;1;1;0;1;1;1;1;1;1;
1;1;1;1;0;1;1;1;1;1;
1;1;1;1;1;0;1;1;1;1;
1;1;1;1;1;1;0;1;1;1;
1;1;1;1;1;1;1;0;1;1;
1;1;1;1;1;1;1;1;0;1;
1;1;1;1;1;1;1;1;1;0;