11819;Christopher;Adams;Khayul;Eldar;Villingen;;3;5;0;0;870;true;
4932;Guido;Meier;purple_dark;Dark Eldar;Basel;;3;5;0;0;0;true;
10758;Mike;Tetzlaf;Detron;Blood Angels;Vöhrenbach;;3;5;0;0;486;false;
8983;Alexander;Kreis;Xandar;Eldar;Radolfzell;;3;5;0;0;426;false;
2621;Robert;Frick;Parzifal;Space Wolves;Lahr/Schwarzwald;Kill and Destroy;3;5;0;0;156;false;
8988;Viktor;Gassert;viktor;Black Templars;Vs-Villingen;Kreuzender Brennzug;3;5;0;0;416;false;
14158;Malte;Tom Suden;Dynamite;Chaos Space Marines;Freiburg;;0;0;0;0;262;false;
883;Sascha;Rothenberg;Night_Haunter;Dark Eldar;Waiblingen;Firebug;0;0;0;0;6;false;
10598;Dominic;Wanke;Navigator;Blood Angels;Waiblingen;Firebug;0;0;0;0;109;false;
10895;Robert;Ingenlath;Slobat;Blood Angels;Breisach - Gündlingen;;0;0;0;0;2381;false;
14337;Christian;Fingerle;OnkelHotte;Dämonenjäger;Köngen;Imperators Söckchen;0;0;0;0;1154;false;
2882;Alex;Frei;Wax;Blood Angels;Karlsruhe;;0;0;0;0;304;false;
12440;Tobias;Boy;Askadia;Tau;Herxheim;Firebug;0;0;0;0;135;false;
7869;Björn;Plattner;Sentur;Space Wolves;Weil am Rhein;;0;0;0;0;2776;false;
7195;Chris;Linke;c-tone;Dämonenjäger;Nürtingen;Imperators Söckchen;0;0;0;0;332;false;
14202;Stefan;Esterle;esterle;Imperiale Armee;Vöhrenbach;;0;0;0;0;0;false;
9146;Jan;Schlegel;Zergash;Dark Eldar;Schwäbisch Gmünd;;0;0;0;0;378;false;
1427;Ralf;Wagner;Erik_Finstermoor;Grey Knights;Lingenfeld;Firebug;0;0;0;0;14;false;
7255;Frank;Schleicher;Desperado-;Grey Knights;Schifferstadt;Firebug;0;0;0;0;83;false;
14050;Alexander;Marquardt;Hagen;Orks;Neustadt;Firebug;0;0;0;0;122;false;
7553;Sebastian;Theisen;MassenvernichtungsAffe;Black Templars;Saarbrücken;Saar-Hammer;0;0;0;0;48;false;
7553;Sebastian;Theisen;MassenvernichtungsAffe;Black Templars;Saarbrücken;Saar-Hammer;0;0;0;0;2815;false;
9216;Iain;Compton;IainC;Grey Knights;Villingen;;0;0;0;0;907;false;
6159;Markus;Müller;Suggi-72;Chaos Space Marines;Pratteln;;0;0;0;0;1127;false;
9315;Patrick;Mattes;DonPedro;Necrons;Villingen;Kreuzender Brennzug;0;0;0;0;366;false;
9210;Björn;Meyer;Entrac;Blood Angels;Saarbrücken;Saar-Hammer;0;0;0;0;76;false;
12451;Thomas;Krohn;Nudelsuppe;Dark Angels;Freiburg;Nudelmuesli;0;0;0;0;634;false;
12057;Francesco;Ferrara;Franky;Grey Knights;Tübingen;Firebug;0;0;0;0;10;false;
1525;Maurus;Markwalder;calrissian;Imperiale Armee;Würenlos;Hellhound;0;0;0;0;240;false;
2574;Mario;Schwab;Starfox;Grey Knights;Lindenberg;Firebug;0;0;0;0;21;false;
10483;Christoph;Quirin;Evermore;Dark Eldar;St. Ingbert;Saar-Hammer;0;0;0;0;145;false;
17018;Max;Dob;Reklator;Space Marines;Villingen (Schwarzwald);;0;0;0;0;1059;false;
9070;Thorsten;Bast;ankhor;Dark Eldar;Herxheim;Firebug;0;0;0;0;65;false;
11775;Thierry;Schaltegger;DaGrosseVernichter;Space Wolves;Frauenfeld;Mournival;0;0;0;0;0;false;
6726;Steffen;Fastner;Sven;Dämonenjäger;Leutershausen;Hillblillies;0;0;0;0;0;false;
8502;Stefan;Gmür;Estugon;Chaos Space Marines;Rehetobel;Knights of the Table;0;0;0;0;1349;false;
11966;Max;Witte;Toddi;Dark Angels;Schramberg;;0;0;0;0;588;false;
9314;Timo;Mattes;Vongola;Hexenjäger;VS-Villingen;Kreuzender Brennzug;0;0;0;0;447;false;
9311;Tobias;Brosig;astralpower;Chaos Space Marines;Schwäbisch Gmünd;;0;0;0;0;275;false;
0;Oliver;Kernen;Olik;Grey Knights;Reinach;;0;0;0;0;1085;false;
13346;Alex;Ryser;Xelon;Space Marines;Zürich;Miniaturenmaler;0;0;0;0;1135;false;
1813;Michael;Weibel;Gilles_le_Breton;Dämonenjäger;Grünenmatt;Hellhound;0;0;0;0;192;false;
13397;Andrej;Großmann;DaGuppie;Space Wolves;Esslingen am Neckar;Firebug;0;0;0;0;62;false;
17580;Andreas;Riedlinger;Coverian;Grey Knights;Horb;;0;0;0;0;0;false;
||0;1;1;1;1;1;1;1;1;1;1;1;1;2,0,0,0,0,1,21;1;1;1;1;1;1;1;1;1;1;1;1;1;1;1;1;1;1;1;1;1;1;1;1;1;1;1;1;1;1;
1;0;1;1;1;1;1;1;1;1;1;1;1;1;1;1;1;1;1;1;1;1;1;2,0,0,0,0,1,15;1;1;1;1;1;1;1;1;1;1;1;1;1;1;1;1;1;1;1;1;
1;1;0;2,0,0,0,0,2,0;1;1;1;1;1;1;1;1;1;1;1;1;2,0,0,0,0,1,20;1;1;1;1;1;1;1;1;1;1;1;1;1;1;1;1;1;1;1;1;1;1;1;1;1;1;1;
1;1;2,0,0,0,0,2,0;0;1;1;1;1;1;1;1;1;1;1;1;1;1;1;2,0,0,0,0,1,19;1;1;1;1;1;1;1;1;1;1;1;1;1;1;1;1;1;1;1;1;1;1;1;1;1;
1;1;1;1;0;2,0,0,0,0,2,1;1;1;1;1;1;1;1;1;1;1;1;1;1;1;1;1;1;1;1;1;1;1;1;1;1;1;1;1;1;2,0,0,0,0,1,8;1;1;1;1;1;1;1;1;
1;1;1;1;2,0,0,0,0,2,1;0;1;1;1;1;1;1;1;1;1;1;1;1;1;2,0,0,0,0,1,18;1;1;1;1;1;1;1;1;1;1;1;1;1;1;1;1;1;1;1;1;1;1;1;1;
1;1;1;1;1;1;0;2,0,0,0,0,2,2;1;1;1;1;1;1;1;1;1;1;1;1;1;1;1;1;1;1;1;1;1;1;1;1;1;1;1;1;1;1;1;1;1;1;2,0,0,0,0,1,1;1;
1;1;1;1;1;1;2,0,0,0,0,2,2;0;1;1;1;1;1;1;1;1;1;1;1;1;1;1;1;1;1;1;1;1;1;1;1;1;1;1;1;1;1;2,0,0,0,0,1,6;1;1;1;1;1;1;
1;1;1;1;1;1;1;1;0;2,0,0,0,0,2,4;1;1;1;1;1;1;1;1;1;1;1;2,0,0,0,0,1,17;1;1;1;1;1;1;1;1;1;1;1;1;1;1;1;1;1;1;1;1;1;1;
1;1;1;1;1;1;1;1;2,0,0,0,0,2,4;0;1;1;1;1;1;1;1;1;1;1;1;1;1;1;1;1;1;1;1;1;1;1;1;1;1;1;1;1;1;1;2,0,0,0,0,1,3;1;1;1;
1;1;1;1;1;1;1;1;1;1;0;2,0,0,0,0,2,3;1;1;1;1;1;1;1;1;1;1;1;1;1;2,0,0,0,0,1,14;1;1;1;1;1;1;1;1;1;1;1;1;1;1;1;1;1;1;
1;1;1;1;1;1;1;1;1;1;2,0,0,0,0,2,3;0;1;1;1;1;1;1;1;1;1;1;1;1;1;1;1;1;2,0,0,0,0,1,12;1;1;1;1;1;1;1;1;1;1;1;1;1;1;1;
1;1;1;1;1;1;1;1;1;1;1;1;0;2,0,0,0,0,2,5;1;1;1;1;1;1;1;1;1;1;1;1;1;1;1;1;1;1;1;1;1;1;1;1;1;2,0,0,0,0,1,4;1;1;1;1;
2,0,0,0,0,1,21;1;1;1;1;1;1;1;1;1;1;1;2,0,0,0,0,2,5;0;1;1;1;1;1;1;1;1;1;1;1;1;1;1;1;1;1;1;1;1;1;1;1;1;1;1;1;1;1;1;
1;1;1;1;1;1;1;1;1;1;1;1;1;1;0;2,0,0,0,0,2,6;1;1;1;1;1;1;1;1;1;1;1;1;1;1;1;1;1;1;1;1;1;1;1;1;1;1;1;2,0,0,0,0,1,0;
1;1;1;1;1;1;1;1;1;1;1;1;1;1;2,0,0,0,0,2,6;0;1;1;1;1;1;1;2,0,0,0,0,1,16;1;1;1;1;1;1;1;1;1;1;1;1;1;1;1;1;1;1;1;1;1;
1;1;2,0,0,0,0,1,20;1;1;1;1;1;1;1;1;1;1;1;1;1;0;2,0,0,0,0,2,7;1;1;1;1;1;1;1;1;1;1;1;1;1;1;1;1;1;1;1;1;1;1;1;1;1;1;
1;1;1;1;1;1;1;1;1;1;1;1;1;1;1;1;2,0,0,0,0,2,7;0;1;1;1;1;1;1;1;1;1;1;1;1;1;1;1;2,0,0,0,0,1,9;1;1;1;1;1;1;1;1;1;1;
1;1;1;2,0,0,0,0,1,19;1;1;1;1;1;1;1;1;1;1;1;1;1;1;0;2,0,0,0,0,2,8;1;1;1;1;1;1;1;1;1;1;1;1;1;1;1;1;1;1;1;1;1;1;1;1;
1;1;1;1;1;2,0,0,0,0,1,18;1;1;1;1;1;1;1;1;1;1;1;1;2,0,0,0,0,2,8;0;1;1;1;1;1;1;1;1;1;1;1;1;1;1;1;1;1;1;1;1;1;1;1;1;
1;1;1;1;1;1;1;1;1;1;1;1;1;1;1;1;1;1;1;1;0;2,0,0,0,0,2,9;1;1;1;1;1;2,0,0,0,0,1,13;1;1;1;1;1;1;1;1;1;1;1;1;1;1;1;1;
1;1;1;1;1;1;1;1;2,0,0,0,0,1,17;1;1;1;1;1;1;1;1;1;1;1;2,0,0,0,0,2,9;0;1;1;1;1;1;1;1;1;1;1;1;1;1;1;1;1;1;1;1;1;1;1;
1;1;1;1;1;1;1;1;1;1;1;1;1;1;1;2,0,0,0,0,1,16;1;1;1;1;1;1;0;2,0,0,0,0,2,10;1;1;1;1;1;1;1;1;1;1;1;1;1;1;1;1;1;1;1;1;
1;2,0,0,0,0,1,15;1;1;1;1;1;1;1;1;1;1;1;1;1;1;1;1;1;1;1;1;2,0,0,0,0,2,10;0;1;1;1;1;1;1;1;1;1;1;1;1;1;1;1;1;1;1;1;1;
1;1;1;1;1;1;1;1;1;1;1;1;1;1;1;1;1;1;1;1;1;1;1;1;0;2,0,0,0,0,2,11;1;1;1;1;1;1;1;1;1;1;2,0,0,0,0,1,7;1;1;1;1;1;1;1;
1;1;1;1;1;1;1;1;1;1;2,0,0,0,0,1,14;1;1;1;1;1;1;1;1;1;1;1;1;1;2,0,0,0,0,2,11;0;1;1;1;1;1;1;1;1;1;1;1;1;1;1;1;1;1;1;
1;1;1;1;1;1;1;1;1;1;1;1;1;1;1;1;1;1;1;1;1;1;1;1;1;1;0;2,0,0,0,0,2,12;1;1;2,0,0,0,0,1,11;1;1;1;1;1;1;1;1;1;1;1;1;1;
1;1;1;1;1;1;1;1;1;1;1;1;1;1;1;1;1;1;1;1;2,0,0,0,0,1,13;1;1;1;1;1;2,0,0,0,0,2,12;0;1;1;1;1;1;1;1;1;1;1;1;1;1;1;1;1;
1;1;1;1;1;1;1;1;1;1;1;2,0,0,0,0,1,12;1;1;1;1;1;1;1;1;1;1;1;1;1;1;1;1;0;2,0,0,0,0,2,13;1;1;1;1;1;1;1;1;1;1;1;1;1;1;
1;1;1;1;1;1;1;1;1;1;1;1;1;1;1;1;1;1;1;1;1;1;1;1;1;1;1;1;2,0,0,0,0,2,13;0;1;2,0,0,0,0,1,10;1;1;1;1;1;1;1;1;1;1;1;1;
1;1;1;1;1;1;1;1;1;1;1;1;1;1;1;1;1;1;1;1;1;1;1;1;1;1;2,0,0,0,0,1,11;1;1;1;0;2,0,0,0,0,2,14;1;1;1;1;1;1;1;1;1;1;1;1;
1;1;1;1;1;1;1;1;1;1;1;1;1;1;1;1;1;1;1;1;1;1;1;1;1;1;1;1;1;2,0,0,0,0,1,10;2,0,0,0,0,2,14;0;1;1;1;1;1;1;1;1;1;1;1;1;
1;1;1;1;1;1;1;1;1;1;1;1;1;1;1;1;1;1;1;1;1;1;1;1;1;1;1;1;1;1;1;1;0;2,0,0,0,0,2,15;1;1;1;1;2,0,0,0,0,1,5;1;1;1;1;1;
1;1;1;1;1;1;1;1;1;1;1;1;1;1;1;1;1;2,0,0,0,0,1,9;1;1;1;1;1;1;1;1;1;1;1;1;1;1;2,0,0,0,0,2,15;0;1;1;1;1;1;1;1;1;1;1;
1;1;1;1;1;1;1;1;1;1;1;1;1;1;1;1;1;1;1;1;1;1;1;1;1;1;1;1;1;1;1;1;1;1;0;2,0,0,0,0,2,16;1;1;1;1;1;2,0,0,0,0,1,2;1;1;
1;1;1;1;2,0,0,0,0,1,8;1;1;1;1;1;1;1;1;1;1;1;1;1;1;1;1;1;1;1;1;1;1;1;1;1;1;1;1;1;2,0,0,0,0,2,16;0;1;1;1;1;1;1;1;1;
1;1;1;1;1;1;1;1;1;1;1;1;1;1;1;1;1;1;1;1;1;1;1;1;2,0,0,0,0,1,7;1;1;1;1;1;1;1;1;1;1;1;0;2,0,0,0,0,2,17;1;1;1;1;1;1;
1;1;1;1;1;1;1;2,0,0,0,0,1,6;1;1;1;1;1;1;1;1;1;1;1;1;1;1;1;1;1;1;1;1;1;1;1;1;1;1;1;1;2,0,0,0,0,2,17;0;1;1;1;1;1;1;
1;1;1;1;1;1;1;1;1;1;1;1;1;1;1;1;1;1;1;1;1;1;1;1;1;1;1;1;1;1;1;1;2,0,0,0,0,1,5;1;1;1;1;1;0;2,0,0,0,0,2,18;1;1;1;1;
1;1;1;1;1;1;1;1;1;1;1;1;2,0,0,0,0,1,4;1;1;1;1;1;1;1;1;1;1;1;1;1;1;1;1;1;1;1;1;1;1;1;1;1;2,0,0,0,0,2,18;0;1;1;1;1;
1;1;1;1;1;1;1;1;1;2,0,0,0,0,1,3;1;1;1;1;1;1;1;1;1;1;1;1;1;1;1;1;1;1;1;1;1;1;1;1;1;1;1;1;1;1;0;2,0,0,0,0,2,19;1;1;
1;1;1;1;1;1;1;1;1;1;1;1;1;1;1;1;1;1;1;1;1;1;1;1;1;1;1;1;1;1;1;1;1;1;2,0,0,0,0,1,2;1;1;1;1;1;2,0,0,0,0,2,19;0;1;1;
1;1;1;1;1;1;2,0,0,0,0,1,1;1;1;1;1;1;1;1;1;1;1;1;1;1;1;1;1;1;1;1;1;1;1;1;1;1;1;1;1;1;1;1;1;1;1;1;0;2,0,0,0,0,2,20;
1;1;1;1;1;1;1;1;1;1;1;1;1;1;2,0,0,0,0,1,0;1;1;1;1;1;1;1;1;1;1;1;1;1;1;1;1;1;1;1;1;1;1;1;1;1;1;1;2,0,0,0,0,2,20;0;
